J=0.01
K=1000
R=0.28
T=0.01
Tbmax=2000
V0=28
Vmin=1.4
g=9.81
m=1200